Ticker	Date	Open	High	Low	Close	Adj Close	Volume
SPY	1 Jan 2000	148.25	148.25	135	139.5625	90.454781	156770800
SPY	1 Feb 2000	139.75	144.5625	132.71875	137.4375	89.07756	186938300
SPY	1 Mar 2000	137.625	155.75	135.03125	150.375	97.462669	247594900
SPY	1 Apr 2000	150.125	153.109375	133.5	145.09375	94.278763	229246200
SPY	1 May 2000	146.5625	148.484375	136.5	142.8125	92.796486	161024000
SPY	1 Jun 2000	143.6875	149.15625	143	145.28125	94.40065	127146000
SPY	1 Jul 2000	145.4375	151.984375	141.515625	143	93.137054	106780100
SPY	1 Aug 2000	143.625	153.09375	142.625	152.34375	99.22274	102365500
SPY	1 Sep 2000	153.25	153.59375	142.125	143.625	93.544151	113203000
SPY	1 Oct 2000	144.28125	145.75	130.15625	142.953125	93.340454	178392400
SPY	1 Nov 2000	142.25	144.296875	129.75	132.28125	86.37233	156699900
SPY	1 Dec 2000	133.1875	139.5625	125.53125	131.1875	85.65815	165416700
SPY	1 Jan 2001	132	138.699997	127.5625	137.020004	89.740837	181296400
SPY	1 Feb 2001	137.100006	137.990005	121.800003	123.949997	81.180695	178607000
SPY	1 Mar 2001	124.050003	127.75	108.040001	116.690002	76.425789	318187200
SPY	1 Apr 2001	116.300003	127.269997	109.300003	126.660004	83.178947	251839700
SPY	1 May 2001	125.07	132.089996	123.440002	125.949997	82.712715	208040000
SPY	1 Jun 2001	126.199997	129.229996	120.400002	122.599998	80.512711	203578200
SPY	1 Jul 2001	122.800003	124.32	116.75	121.349998	79.91848	196892900
SPY	1 Aug 2001	121.970001	123.25	112.040001	114.150002	75.17675	269599600
SPY	1 Sep 2001	113.849998	116.169998	93.800003	104.440002	68.781914	419156100
SPY	1 Oct 2001	103.900002	111.790001	102.830002	105.800003	69.939064	512612000
SPY	1 Nov 2001	106.599998	116.900002	105.699997	114.050003	75.392685	372515000
SPY	1 Dec 2001	113.650002	118	112	114.300003	75.557961	308403900
SPY	1 Jan 2002	115.110001	117.989998	108.400002	113.18	75.074959	349380000
SPY	1 Feb 2002	113.089996	113.300003	107.82	111.150002	73.728386	424492600
SPY	1 Mar 2002	111.720001	117.900002	111.510002	114.519997	75.963799	385578100
SPY	1 Apr 2002	114.230003	115.099998	106.629997	107.860001	71.750954	404461000
SPY	1 May 2002	107.970001	111.25	104.900002	107.220001	71.325241	452626500
SPY	1 Jun 2002	107.089996	107.599998	95.190002	98.959999	65.830475	534883500
SPY	1 Jul 2002	99.18	99.800003	77.68	91.160004	60.854004	1124248800
SPY	1 Aug 2002	90.879997	97.150002	83.550003	91.779999	61.267902	936191200
SPY	1 Sep 2002	90.730003	93.330002	80.900002	81.790001	54.599049	1013828600
SPY	1 Oct 2002	82.43	91.290001	77.07	88.519997	59.356575	1344248100
SPY	1 Nov 2002	88.349998	94.949997	87.449997	93.980003	63.017742	818243400
SPY	1 Dec 2002	95.470001	96.050003	87.110001	88.230003	59.162136	728285900
SPY	1 Jan 2003	88.849998	93.860001	84.150002	86.059998	57.990612	911319900
SPY	1 Feb 2003	86.139999	86.809998	81	84.900002	57.208969	862248300
SPY	1 Mar 2003	85.260002	89.879997	79.379997	84.739998	57.101147	1156870200
SPY	1 Apr 2003	85.25	92.800003	84.910004	91.910004	62.182278	996114200
SPY	1 May 2003	91.919998	97.089996	90.5	96.949997	65.592148	881509900
SPY	1 Jun 2003	97.529999	102.18	96.669998	97.629997	66.052208	867970200
SPY	1 Jul 2003	97.25	101.900002	96.43	99.389999	67.48584	895260500
SPY	1 Aug 2003	99.190002	101.82	96.339996	101.440002	68.877777	772702000
SPY	1 Sep 2003	101.639999	104.699997	99.25	99.949997	67.866112	818513400
SPY	1 Oct 2003	100.239998	105.970001	100.199997	105.300003	71.773201	831700900
SPY	1 Nov 2003	105.75	106.949997	103.620003	106.449997	72.556984	630654200
SPY	1 Dec 2003	106.849998	111.519997	105.959999	111.279999	75.849228	678350400
SPY	1 Jan 2004	111.739998	116.5	110.730003	113.480003	77.714249	737674000
SPY	1 Feb 2004	113.699997	116.599998	112.779999	115.019997	78.768875	676976900
SPY	1 Mar 2004	115.43	116.970001	108.849998	113.099998	77.45401	1125003900
SPY	1 Apr 2004	113.07	115.410004	110.900002	110.959999	76.254875	968620900
SPY	1 May 2004	111.370003	113.260002	108.059998	112.860001	77.560585	981083900
SPY	1 Jun 2004	112.459999	114.940002	111.870003	114.529999	78.708275	721880400
SPY	1 Jul 2004	114.25	114.400002	108.209999	110.839996	76.450424	954619200
SPY	1 Aug 2004	110.190002	111.629997	106.589996	111.110001	76.636665	922892000
SPY	1 Sep 2004	110.949997	113.739998	110.410004	111.760002	77.084984	790891900
SPY	1 Oct 2004	112.260002	114.68	109.349998	113.199997	78.403206	1044071300
SPY	1 Nov 2004	113.559998	119.139999	113.199997	117.889999	81.651566	961601700
SPY	1 Dec 2004	118.160004	121.660004	117.730003	120.870003	83.963615	909170200
SPY	1 Jan 2005	121.559998	121.760002	116.370003	118.160004	82.468826	1184211500
SPY	1 Feb 2005	118.25	121.669998	118.099998	120.629997	84.192726	1025608400
SPY	1 Mar 2005	120.82	123.25	116.25	117.959999	82.329254	1330548800
SPY	1 Apr 2005	118.629997	119.260002	113.550003	115.75	81.104118	1633318500
SPY	1 May 2005	116.07	120.25	114.800003	119.480003	83.717644	1334647300
SPY	1 Jun 2005	119.519997	121.940002	118.75	119.18	83.507462	1089322900
SPY	1 Jul 2005	119.449997	124.639999	118.260002	123.739998	87.05249	1176306400
SPY	1 Aug 2005	123.830002	124.739998	120.379997	122.580002	86.23642	1306564800
SPY	1 Sep 2005	122.519997	124.739998	120.440002	123.040001	86.560059	1287005000
SPY	1 Oct 2005	122.959999	123.339996	116.879997	120.129997	84.872559	1784566400
SPY	1 Nov 2005	120.580002	127.410004	120.129997	125.410004	88.602951	1183732800
SPY	1 Dec 2005	126.019997	128.089996	124.360001	124.510002	87.967079	1073146800
SPY	1 Jan 2006	125.190002	129.440002	124.389999	127.5	90.55703	1233910800
SPY	1 Feb 2006	127.82	130.039993	125.400002	128.229996	91.075539	1145244400
SPY	1 Mar 2006	128.600006	131.470001	127.18	129.830002	92.211906	1350777100
SPY	1 Apr 2006	130.070007	131.860001	128.020004	131.470001	93.748055	1300327900
SPY	1 May 2006	131.470001	132.800003	124.760002	127.510002	90.924263	1752747100
SPY	1 Jun 2006	127.379997	129.429993	122.339996	127.279999	90.760254	2163829300
SPY	1 Jul 2006	127.43	128.139999	122.389999	127.849998	91.569702	1691301400
SPY	1 Aug 2006	127.339996	131.039993	126.279999	130.639999	93.56794	1420345400
SPY	1 Sep 2006	131.139999	133.990005	129.350006	133.580002	95.673668	1363687900
SPY	1 Oct 2006	133.539993	139	132.649994	137.789993	99.123016	1443344100
SPY	1 Nov 2006	138.220001	141.160004	135.619995	140.529999	101.094139	1502059900
SPY	1 Dec 2006	140.529999	143.240005	138.970001	141.619995	101.878258	1212756800
SPY	1 Jan 2007	142.25	144.130005	140.25	143.75	103.986679	1330329900
SPY	1 Feb 2007	144.149994	146.419998	139	140.929993	101.946678	1494548900
SPY	1 Mar 2007	139.339996	143.809998	136.75	142	102.720757	2918304400
SPY	1 Apr 2007	142.160004	149.800003	141.479996	148.289993	107.69632	1791289900
SPY	1 May 2007	148.419998	153.889999	147.669998	153.320007	111.349365	2508178000
SPY	1 Jun 2007	153.880005	154.399994	148.059998	150.429993	109.250519	3502885400
SPY	1 Jul 2007	150.869995	155.529999	145.039993	145.720001	106.285995	3988676200
SPY	1 Aug 2007	145.179993	150.589996	137	147.589996	107.649925	6195918600
SPY	1 Sep 2007	147.449997	154.389999	144.330002	152.580002	111.289551	2967009200
SPY	1 Oct 2007	152.600006	157.520004	148.660004	154.649994	113.334442	3850069600
SPY	1 Nov 2007	153.289993	153.410004	140.660004	148.660004	108.944778	5472709900
SPY	1 Dec 2007	148.190002	152.889999	143.960007	146.210007	107.149254	3293787500
SPY	1 Jan 2008	146.529999	146.990005	126	137.369995	101.205254	6106834300
SPY	1 Feb 2008	137.940002	139.610001	131.729996	133.820007	98.589836	4151028600
SPY	1 Mar 2008	133.139999	135.809998	126.07	131.970001	97.226852	5462121800
SPY	1 Apr 2008	133.610001	140.589996	132.330002	138.259995	102.365181	4014652600
SPY	1 May 2008	138.380005	144.300003	137.520004	140.350006	103.912613	3646997000
SPY	1 Jun 2008	139.830002	140.889999	127.040001	127.980003	94.754105	5408930000
SPY	1 Jul 2008	126.519997	129.160004	120.019997	126.830002	94.372337	7156206800
SPY	1 Aug 2008	127.120003	131.509995	124.760002	128.789993	95.830711	4344355500
SPY	1 Sep 2008	130.029999	130.710007	110.529999	115.989998	86.306427	8105188900
SPY	1 Oct 2008	115.269997	116.690002	83.580002	96.830002	72.46682	11882000000
SPY	1 Nov 2008	96.779999	100.860001	74.339996	90.089996	67.422638	8762237000
SPY	1 Dec 2008	87.510002	92.43	81.860001	90.239998	67.534897	6919927700
SPY	1 Jan 2009	90.440002	94.449997	80.050003	82.830002	62.492542	6872039400
SPY	1 Feb 2009	81.57	87.739998	73.809998	73.93	55.777775	7275092500
SPY	1 Mar 2009	72.519997	83.300003	67.099998	79.519997	59.995251	8813959700
SPY	1 Apr 2009	78.529999	89.019997	78.330002	87.419998	66.427589	6023006600
SPY	1 May 2009	87.440002	93.699997	86.720001	92.529999	70.310562	5195735600
SPY	1 Jun 2009	93.669998	96.110001	88.849998	91.949997	69.869827	5054855000
SPY	1 Jul 2009	92.339996	99.830002	87	98.809998	75.506615	4295844600
SPY	1 Aug 2009	99.849998	104.349998	98.110001	102.459999	78.295853	3957574800
SPY	1 Sep 2009	101.949997	108.059998	99.57	105.589996	80.687637	3777956700
SPY	1 Oct 2009	103	110.309998	101.989998	103.559998	79.513344	4481700800
SPY	1 Nov 2009	104.129997	111.739998	103.080002	109.940002	84.411888	3430866200
SPY	1 Dec 2009	110.919998	113.029999	109.019997	111.440002	85.563599	2883885800
SPY	1 Jan 2010	112.370003	115.139999	107.220001	107.389999	82.897896	3706842300
SPY	1 Feb 2010	108.150002	111.580002	104.580002	110.739998	85.483902	4451912400
SPY	1 Mar 2010	111.199997	118.169998	111.169998	117	90.3162	3899688500
SPY	1 Apr 2010	117.800003	122.120003	117.099998	118.809998	92.091057	3887089700
SPY	1 May 2010	119.379997	120.68	104.379997	109.370003	84.773987	7413878800
SPY	1 Jun 2010	108.349998	113.199997	102.879997	103.220001	80.007057	5706059600
SPY	1 Jul 2010	103.150002	112.290001	101.129997	110.269997	85.878235	4725402000
SPY	1 Aug 2010	111.989998	113.18	104.290001	105.309998	82.015404	4541971600
SPY	1 Sep 2010	106.730003	115.790001	106.660004	114.129997	88.884445	4035642500
SPY	1 Oct 2010	114.989998	119.760002	113.18	118.489998	92.774033	3767490800
SPY	1 Nov 2010	119.07	122.949997	117.589996	118.489998	92.774033	3983708900
SPY	1 Dec 2010	120.199997	126.199997	120.190002	125.75	98.458359	2722749900
SPY	1 Jan 2011	126.709999	130.350006	125.699997	128.679993	101.282356	2860314700
SPY	1 Feb 2011	129.460007	134.690002	129.380005	133.149994	104.800629	2820073500
SPY	1 Mar 2011	133.570007	133.690002	125.279999	132.589996	104.359848	4787459400
SPY	1 Apr 2011	133.410004	136.570007	129.509995	136.429993	107.848717	2812718500
SPY	1 May 2011	137.070007	137.179993	131.380005	134.899994	106.639252	3337607300
SPY	1 Jun 2011	134.509995	134.919998	126.190002	131.970001	104.323067	4710433400
SPY	1 Jul 2011	132.089996	135.699997	127.970001	129.330002	102.743065	3840768000
SPY	1 Aug 2011	130.839996	130.960007	110.269997	122.220001	97.09465	9050451800
SPY	1 Sep 2011	122.290001	123.400002	111.300003	113.150002	89.889206	6188283200
SPY	1 Oct 2011	112.489998	129.419998	107.43	125.5	100.216194	5721102000
SPY	1 Nov 2011	122.029999	128.020004	116.199997	124.989998	99.808929	5013586000
SPY	1 Dec 2011	124.849998	127.260002	120.029999	125.5	100.216194	3848636100
SPY	1 Jan 2012	127.760002	133.399994	126.43	131.320007	105.528717	2883821400
SPY	1 Feb 2012	132.289993	138.190002	132.130005	137.020004	110.109238	2894582000
SPY	1 Mar 2012	137.309998	141.830002	134.360001	140.809998	113.15493	3057516200
SPY	1 Apr 2012	140.639999	142.210007	135.759995	139.869995	112.892082	3035644100
SPY	1 May 2012	139.789993	141.660004	129.550003	131.470001	106.112267	4004156100
SPY	1 Jun 2012	129.410004	136.270004	127.139999	136.100006	109.849236	3644886200
SPY	1 Jul 2012	136.479996	139.339996	132.600006	137.710007	111.724594	2864743300
SPY	1 Aug 2012	138.699997	143.089996	135.580002	141.160004	114.523643	2413590900
SPY	1 Sep 2012	141.039993	148.110001	140.130005	143.970001	116.803398	2391233500
SPY	1 Oct 2012	144.520004	147.160004	140.389999	141.350006	115.28994	2719915500
SPY	1 Nov 2012	141.649994	143.720001	134.699997	142.149994	115.942406	3032769100
SPY	1 Dec 2012	142.800003	145.580002	139.539993	142.410004	116.154488	2889875900
SPY	1 Jan 2013	145.110001	150.940002	144.729996	149.699997	122.966454	2587140200
SPY	1 Feb 2013	150.649994	153.279999	148.729996	151.610001	124.535385	2581459300
SPY	1 Mar 2013	151.089996	156.850006	150.410004	156.669998	128.691757	2330972300
SPY	1 Apr 2013	156.589996	159.720001	153.550003	159.679993	131.747574	2907035000
SPY	1 May 2013	159.330002	169.070007	158.100006	163.449997	134.858063	2781596000
SPY	1 Jun 2013	163.830002	165.990005	155.729996	160.419998	132.35817	3533321800
SPY	1 Jul 2013	161.259995	169.860001	160.220001	168.710007	139.934509	2330904500
SPY	1 Aug 2013	169.990005	170.970001	163.050003	163.649994	135.737564	2283131700
SPY	1 Sep 2013	165.229996	173.600006	163.699997	168.009995	139.353928	2226749600
SPY	1 Oct 2013	168.139999	177.509995	164.529999	175.789993	146.517685	2901739000
SPY	1 Nov 2013	176.020004	181.75	174.759995	181	150.860123	1930952900
SPY	1 Dec 2013	181.089996	184.690002	177.320007	184.690002	153.935684	2232775900
SPY	1 Jan 2014	183.979996	184.940002	176.880005	178.179993	149.315994	2530650900
SPY	1 Feb 2014	177.970001	187.149994	173.710007	186.289993	156.112198	2394184600
SPY	1 Mar 2014	184.649994	189.020004	183.75	187.009995	156.71553	2554084300
SPY	1 Apr 2014	187.619995	189.699997	181.309998	188.309998	158.50145	2345902000
SPY	1 May 2014	188.220001	192.800003	186.009995	192.679993	162.179657	1781093800
SPY	1 Jun 2014	192.949997	196.600006	191.970001	195.720001	164.738525	1675047300
SPY	1 Jul 2014	196.199997	199.059998	192.970001	193.089996	163.303558	1893710200
SPY	1 Aug 2014	192.559998	200.820007	190.550003	200.710007	169.748093	1829885000
SPY	1 Sep 2014	200.970001	201.899994	196.050003	197.020004	166.627335	2106462700
SPY	1 Oct 2014	196.699997	201.820007	181.919998	201.660004	171.348831	3943068000
SPY	1 Nov 2014	201.919998	207.869995	200.059998	207.199997	176.056076	1571091800
SPY	1 Dec 2014	206.399994	212.970001	197.860001	205.539993	174.645584	3045171000
SPY	1 Jan 2015	206.380005	206.880005	198.550003	199.449997	170.406326	3183506000
SPY	1 Feb 2015	200.050003	212.240005	197.860001	210.660004	179.983932	1901638100
SPY	1 Mar 2015	210.779999	212.059998	204.119995	206.429993	176.369919	2749923000
SPY	1 Apr 2015	206.389999	212.479996	204.509995	208.460007	178.899338	2036685200
SPY	1 May 2015	209.399994	213.779999	206.759995	211.139999	181.199295	1892519900
SPY	1 Jun 2015	211.940002	213.339996	205.279999	205.850006	176.659439	2535242600
SPY	1 Jul 2015	207.729996	213.179993	204.110001	210.5	181.528748	2452758000
SPY	1 Aug 2015	210.460007	211.309998	182.399994	197.669998	170.464569	3734926900
SPY	1 Sep 2015	193.119995	202.889999	186.929993	191.630005	165.255798	3279512900
SPY	1 Oct 2015	192.080002	209.440002	189.119995	207.929993	180.24469	2536184400
SPY	1 Nov 2015	208.320007	211.660004	202.179993	208.690002	180.903503	1924512800
SPY	1 Dec 2015	209.440002	211	199.830002	203.869995	176.725266	2924882300
SPY	1 Jan 2016	200.490005	201.899994	181.020004	193.720001	168.926132	3712950900
SPY	1 Feb 2016	192.529999	196.679993	181.089996	193.559998	168.786575	2920730800
SPY	1 Mar 2016	195.009995	206.869995	194.449997	205.520004	179.21582	2323306500
SPY	1 Apr 2016	204.350006	210.919998	203.089996	206.330002	180.850159	1910635600
SPY	1 May 2016	206.919998	210.690002	202.779999	209.839996	183.926712	1828530900
SPY	1 Jun 2016	209.119995	212.520004	198.649994	209.479996	183.61113	2612406900
SPY	1 Jul 2016	209.479996	217.539993	207.059998	217.119995	191.297363	1648453700
SPY	1 Aug 2016	217.190002	219.600006	214.25	217.380005	191.526443	1519703200
SPY	1 Sep 2016	217.369995	219.220001	212.309998	216.300003	190.574905	2292393000
SPY	1 Oct 2016	215.820007	216.699997	211.210007	212.550003	188.216873	1725687400
SPY	1 Nov 2016	212.929993	221.820007	208.380005	220.380005	195.150497	2073824400
SPY	1 Dec 2016	220.729996	228.339996	219.149994	223.529999	197.939835	1821910200
SPY	1 Jan 2017	225.039993	229.710007	223.880005	227.529999	202.669449	1482408500
SPY	1 Feb 2017	227.529999	237.309998	226.820007	236.470001	210.63269	1365136600
SPY	1 Mar 2017	238.389999	240.320007	231.610001	235.740005	209.982437	1921474100
SPY	1 Apr 2017	235.800003	239.529999	232.509995	238.080002	212.989349	1549613700
SPY	1 May 2017	238.679993	242.080002	235.429993	241.440002	215.995224	1492547000
SPY	1 Jun 2017	241.970001	245.009995	239.960007	241.800003	216.317291	1572753000
SPY	1 Jul 2017	242.880005	248	240.339996	246.770004	221.840118	1055908800
SPY	1 Aug 2017	247.460007	248.910004	241.830002	247.490005	222.48735	1557031500
SPY	1 Sep 2017	247.919998	251.320007	244.949997	251.229996	225.849518	1286405100
SPY	1 Oct 2017	251.490005	257.890015	251.289993	257.149994	232.31868	1320624600
SPY	1 Nov 2017	258.040009	266.049988	255.630005	265.01001	239.419785	1365620900
SPY	1 Dec 2017	264.76001	268.600006	260.76001	266.859985	241.091049	1715222900
SPY	1 Jan 2018	267.839996	286.630005	267.399994	281.899994	255.98056	1985506700
SPY	1 Feb 2018	281.070007	283.059998	252.919998	271.649994	246.673035	2923722000
SPY	1 Mar 2018	271.410004	280.410004	257.829987	263.149994	238.954498	2323561800
SPY	1 Apr 2018	262.549988	271.299988	254.669998	264.51001	241.151474	1998466500
SPY	1 May 2018	263.869995	274.25	259.049988	270.940002	247.013596	1606397200
SPY	1 Jun 2018	272.410004	279.480011	268.48999	271.279999	247.323608	1599001000
SPY	1 Jul 2018	269.51001	284.369995	269.23999	281.329987	257.637756	1266892500
SPY	1 Aug 2018	281.559998	291.73999	279.160004	290.309998	265.861511	1308443700
SPY	1 Sep 2018	289.839996	293.940002	286.709991	290.720001	266.237061	1228103300
SPY	1 Oct 2018	292.109985	293.209991	259.850006	270.630005	248.960876	3024345800
SPY	1 Nov 2018	271.600006	281.220001	263.070007	275.649994	253.578888	2021061200
SPY	1 Dec 2018	280.279999	280.399994	233.759995	249.919998	229.909027	3102780500
SPY	1 Jan 2019	245.979996	270.470001	243.669998	269.929993	249.766968	2048691700
SPY	1 Feb 2019	270.149994	281.309998	267.829987	278.679993	257.863342	1371716300
SPY	1 Mar 2019	280.440002	285.179993	272.420013	282.480011	261.379547	1678081300
SPY	1 Apr 2019	284.700012	294.450012	284.399994	294.019989	273.25589	1209204700
SPY	1 May 2019	294.720001	294.950012	275.23999	275.269989	255.830002	1845593200
SPY	1 Jun 2019	275.309998	296.309998	273.089996	293	272.307861	1340435600
SPY	1 Jul 2019	296.679993	302.230011	294.329987	297.429993	277.76947	1110102300
SPY	1 Aug 2019	297.600006	300.869995	281.720001	292.450012	273.118622	2034004800
SPY	1 Sep 2019	290.570007	302.630005	289.269989	296.769989	277.153107	1303830000
SPY	1 Oct 2019	297.73999	304.549988	284.820007	303.329987	284.587677	1386748300
SPY	1 Nov 2019	304.920013	315.480011	304.73999	314.309998	294.889252	1037123500
SPY	1 Dec 2019	314.589996	323.799988	307.130005	321.859985	301.972687	1285175800
SPY	1 Jan 2020	323.540009	332.950012	320.359985	321.730011	303.334778	1392003800
SPY	1 Feb 2020	323.350006	339.079987	285.540009	296.26001	279.321045	2110214900
SPY	1 Mar 2020	298.209991	313.839996	218.259995	257.75	243.012909	5926017600
SPY	1 Apr 2020	247.979996	294.880005	243.899994	290.480011	275.481995	2819312300
SPY	1 May 2020	285.309998	306.839996	272.98999	304.320007	288.607361	1910460500
SPY	1 Jun 2020	303.619995	323.410004	296.73999	308.359985	292.438782	2358674500
SPY	1 Jul 2020	309.570007	327.230011	309.070007	326.519989	311.023865	1505145300
SPY	1 Aug 2020	328.320007	351.299988	327.730011	349.309998	332.73233	1045563300
SPY	1 Sep 2020	350.209991	358.75	319.799988	334.890015	318.996704	1814712700
SPY	1 Oct 2020	337.690002	354.019989	322.600006	326.540009	312.288086	1629016100
SPY	1 Nov 2020	330.200012	364.380005	327.23999	362.059998	346.257721	1535244300
SPY	1 Dec 2020	365.570007	378.459991	362.029999	373.880005	357.561829	1344541500
SPY	1 Jan 2021	375.309998	385.850006	364.820007	370.070007	355.426819	1402265400
SPY	1 Feb 2021	373.720001	394.170013	370.380005	380.359985	365.309601	1307806200
SPY	1 Mar 2021	385.589996	398.119995	371.880005	396.329987	380.647644	2401715800
SPY	1 Apr 2021	398.399994	420.720001	398.179993	417.299988	402.100586	1462106600
SPY	1 May 2021	419.429993	422.820007	404	420.040009	404.740875	1547235900
SPY	1 Jun 2021	422.570007	428.779999	414.700012	428.059998	412.468658	1282152400
SPY	1 Jul 2021	428.869995	441.799988	421.970001	438.51001	423.92041	1422104700
SPY	1 Aug 2021	440.339996	453.070007	436.100006	451.559998	436.536255	1254001400
SPY	1 Sep 2021	452.559998	454.049988	428.779999	429.140015	414.862152	1745559600
SPY	1 Oct 2021	430.980011	459.559998	426.359985	459.25	445.392761	1508665200
SPY	1 Nov 2021	460.299988	473.540009	455.299988	455.559998	441.814056	1335351500
SPY	1 Dec 2021	461.640015	479	448.920013	474.959991	460.628693	1927433900
SPY	1 Jan 2022	476.299988	479.980011	420.76001	449.910004	437.867523	2485167800
SPY	1 Feb 2022	450.679993	458.119995	410.640015	436.630005	424.942932	2297975100
SPY	1 Mar 2022	435.040009	462.070007	415.119995	451.640015	439.551208	2380929500
SPY	1 Apr 2022	453.309998	457.829987	411.209991	412	402.217896	1856757400
SPY	1 May 2022	412.070007	429.660004	380.540009	412.929993	403.125763	2418478100
SPY	1 Jun 2022	415.170013	417.440002	362.170013	377.25	368.292938	1958611900
SPY	1 Jul 2022	376.559998	413.029999	371.040009	411.98999	403.945526	1437748400
SPY	1 Aug 2022	409.149994	431.730011	395.040009	395.179993	387.463776	1443394400
SPY	1 Sep 2022	392.890015	411.730011	357.040009	357.179993	350.20575	1998908600
SPY	1 Oct 2022	361.079987	389.519989	348.109985	386.209991	380.224365	2024732000
SPY	1 Nov 2022	390.140015	407.679993	368.790009	407.679993	401.361694	1745985300
SPY	1 Dec 2022	408.769989	410.48999	374.769989	382.429993	376.502991	1735973600
SPY	1 Jan 2023	384.369995	408.160004	377.829987	406.480011	402.017914	1575450100
SPY	1 Feb 2023	405.209991	418.309998	393.640015	396.26001	391.910095	1603094700
SPY	1 Mar 2023	395.410004	409.700012	380.649994	409.390015	404.895966	2515995800
SPY	1 Apr 2023	408.850006	415.940002	403.779999	415.929993	412.934113	1395683000
SPY	1 May 2023	415.470001	422.579987	403.73999	417.850006	414.840332	1780705600
SPY	1 Jun 2023	418.089996	444.299988	416.790009	443.279999	440.087158	1749755000
SPY	1 Jul 2023	442.920013	459.440002	437.059998	457.790009	456.180908	1374632400
SPY	1 Aug 2023	456.269989	457.25	433.01001	450.350006	448.767059	1754764700
SPY	1 Sep 2023	453.170013	453.670013	422.290009	427.480011	425.977448	1588673200
SPY	1 Oct 2023	426.619995	438.140015	409.209991	418.200012	418.200012	1999149700
SPY	1 Nov 2023	419.200012	458.320007	418.649994	456.399994	456.399994	1499893900
